22 <--# of nodes, 32 edges
1 2 0.33753893737457147
1 3 0.23309880825629103
1 4 0.07745914659832906
1 7 0.1462173561872732
1 5 0.12268447682237425
1 6 0.06460325975150207
1 8 0.04572676269221516
1 15 0.5956724933522518
1 9 0.16945816187702248
1 16 0.08001605740747675
2 4 0.28730355534866353
2 5 0.7527033577270611
3 6 0.04249649515956907
3 7 0.04528488463838521
4 8 0.6624290766868367
7 15 0.7061032696348654
5 8 0.1021764873661428
6 15 0.1712051002006081
8 9 0.029876104997930822
15 16 0.2212826259602174
9 10 0.020217135715922586
10 11 0.19942203789626278
11 12 0.12015897033545501
12 13 0.06728471134805554
13 14 0.06646395819799937
14 22 0.03821091601907
16 17 0.4125732875119863
17 18 0.25780369727691604
18 19 0.33087331118103885
19 20 0.0719681193916973
20 21 0.07158414629251655
21 22 0.047628021079137495
Loss 0 0 0 20 0 0 62 0 0 0 0 33 0 89 0 0 0 0 0 56 0 60