20 <--# of nodes, 32 edges
1 2 0.513688813302085
1 3 0.3952172923097758
2 3 0.664324023862809
2 4 0.10307220920875537
2 5 0.3027103226292334
4 7 0.3422636658742664
4 8 0.7644300624078375
4 9 0.5775328912396317
5 6 0.48205583510942085
6 7 0.46019519361964994
6 8 0.17178968696861385
6 9 0.26680391944366855
8 10 0.18805859026698768
8 11 1.571437699782076
9 10 0.5483900092646964
9 11 0.008250443468289343
10 12 0.04337889419963422
11 16 0.04305902257914954
11 17 0.0801535402813005
11 18 0.23240160147627084
12 13 0.34646880310756867
12 14 0.23922269038192603
12 15 0.44502731950199387
14 16 0.10120478020406874
14 18 0.1504639210395133
15 16 0.06682386414040627
15 17 0.7614630692588907
16 20 0.012024169321349068
17 19 0.6685165531460245
17 20 0.1532455476092864
18 20 0.36280806984339486
19 20 0.186218322855233
Loss 0 0 45 0 0 0 65 0 0 0 0 0 44 0 0 0 0 0 0 75