30 <--# of nodes, 75 edges
2 5 0.31125743672742023
2 15 0.45372979831117544
3 4 0.13985159198438468
3 7 0.7814192860631287
3 9 0.29132766887000827
3 12 0.2162447701496225
3 19 0.32291009294433193
3 25 0.09832801750072473
3 26 0.6392509962516496
3 28 0.2279043656604004
4 22 0.6668614714682838
4 25 0.9404645561747647
5 8 0.7505408384109672
5 27 0.14556063478682701
5 30 0.32616694440706784
6 15 0.7859988130894492
7 1 0.7149228038951734
7 9 0.025297715806707366
8 11 0.8425037789424795
8 22 0.6403008684806883
8 23 0.19880206428712177
8 27 0.8165261305055579
10 11 0.8860178698719172
10 13 0.6508841653760072
10 26 0.8359623638562373
10 29 0.9503769917493683
11 4 0.6262185046848302
11 19 0.46454934922399593
11 27 0.13025781062039898
12 6 0.4619645433208214
12 13 0.4796078396620259
12 14 0.9128276216680328
12 19 0.1486403157863352
12 22 0.7014186634453025
13 11 0.886935758671788
13 22 0.4851381825302794
13 28 0.11949713274819485
14 11 0.8193503830931926
14 12 0.5594025373364787
14 26 0.7036691147470079
14 27 0.16017883829114388
14 28 0.05576193986224787
15 1 0.2174117062019616
15 7 0.9243164937159558
15 8 0.05353905104503698
15 16 0.2634529726473387
15 24 0.4770297100964829
16 13 0.14628363924570975
16 15 0.7141992908202469
16 27 0.9797029195370848
17 2 0.23761596871755675
17 8 0.07648652377363307
17 12 0.12224623121087397
18 2 0.31291297058470124
18 4 0.46505267086242896
18 14 0.568236675474134
18 22 0.5431721529176706
18 27 0.6381694266158732
18 30 0.29111048410006213
19 14 0.10463943356154448
20 8 0.2652202404635441
21 3 0.7397364472285277
21 12 0.31453139492288307
21 13 0.38281645416262555
21 19 0.38315901817191866
22 14 0.6754146775879556
23 29 0.9249286886412633
24 4 0.33903337980555937
24 11 0.4252130542702687
24 19 0.11598821887288524
25 1 0.887494675885629
26 1 0.2589331582165302
26 3 0.15602539621100397
26 16 0.8331387463055983
26 28 0.598925150508457
Loss 0 0 14 0 0 0 0 0 0 27 0 0 0 0 0 41 0 0 42 0 0 0 0 0 95 0 0 0 0 0