45 <--# of nodes, 135 edges
1 2 0.11123716991451593
1 19 0.940473243372314
1 32 0.627157128391885
1 37 0.3844718521502968
1 40 0.3604653607156312
2 4 0.9192849963729041
2 6 0.42922948732762456
2 7 0.8626893347394016
2 12 0.8132590496081512
2 14 0.5801672401341605
2 19 0.24238474530720677
2 41 0.4949729852281761
3 6 0.2708238024961701
3 37 0.9725224680878257
3 40 0.8268260793695211
3 42 0.3224146357798753
4 22 0.04444781480707616
4 28 0.6272508935722666
4 32 0.10056935060855732
4 38 0.2827077165546281
5 1 0.6936053097063625
5 3 0.21337447000299936
5 23 0.698733661669229
5 31 0.08697364879537628
5 32 0.5997202650781481
5 36 0.6178729373149052
5 37 0.6131718392603582
5 39 0.4462500367199027
6 2 0.295504172310301
6 15 0.4434132750915748
6 23 0.8515321679048752
6 34 0.9043272786143824
7 9 0.3544049788525888
7 13 0.31467160981905107
7 16 0.8490645622759573
7 33 0.6053657083402626
8 14 0.7264791419254081
9 7 0.11270507880911851
9 30 0.41038918092578147
9 35 0.4300668161604362
10 17 0.16549665385614698
10 23 0.6593831720277394
11 1 0.796122228008288
11 5 0.874039968285038
11 33 0.22043825095375535
11 43 0.16546214987812824
12 4 0.7710295475967403
12 18 0.012924804998478034
12 41 0.2051022098962444
13 9 0.9588145296485527
13 18 0.21975958721456634
13 34 0.0537181823122147
13 38 0.3603638740838139
13 41 0.24773101060300917
14 10 0.11394560925216801
14 16 0.5581498316244582
14 21 0.29950166672426304
14 28 0.23262793356797296
15 6 0.6870811698795204
15 10 0.262454009932681
15 13 0.4461685319376667
15 36 0.36756539905167107
15 43 0.11282147857553493
16 3 0.5785229490869178
16 6 0.7257868026304507
16 11 0.6019351270790824
16 15 0.8604225248547959
16 37 0.34437889292276547
16 42 0.7871374542370881
17 24 0.16014379303830173
17 33 0.7224493964625017
18 10 0.8777097359176004
18 11 0.3303862404634782
18 20 0.6701528527577785
18 21 0.47843472463643055
18 22 0.45592107744238075
18 30 0.5813750291133105
18 39 0.3780904197828132
19 8 0.825783543519541
19 21 0.3307635670088256
19 22 0.26746902306008724
19 30 0.032892154109923966
19 33 0.5829519290048509
19 42 0.24541200891832038
20 13 0.06309159194612823
20 19 0.4968610442877085
20 22 0.6422077268198744
20 35 0.6032772979836992
20 36 0.38606466295180675
20 41 0.562923067092954
20 42 0.06985012709538252
20 45 0.16421205016937834
21 7 0.5457680475046373
21 16 0.7445170354541747
21 23 0.5603845870803239
21 24 0.6856073754578232
21 28 0.6953904853187182
21 42 0.6163405520436399
22 1 0.18312714115111617
22 43 0.395929771437489
23 5 0.06851039003159276
23 9 0.059135291096844456
23 14 0.6084787269875029
23 19 0.07011647860425652
23 25 0.6388440339934017
23 31 0.30951465114250687
23 35 0.3190786058778623
23 41 0.5632700833594632
23 43 0.5287147274091502
23 44 0.33107921022681386
24 6 0.41418931653560054
24 12 0.7571923310860745
24 16 0.6901442797852931
24 20 0.8908089168005497
24 27 0.23616484654266723
24 28 0.32361014801387245
24 35 0.8627126681099393
24 43 0.010193796507229735
24 44 0.7586708762894573
25 2 0.8326363540089982
25 6 0.9051941064677216
25 12 0.6608949617264233
25 44 0.5407617166838373
26 8 0.44262520972796704
26 22 0.6992546697105535
26 31 0.3881020971299044
26 35 0.750478778382462
26 39 0.5200129564255983
26 40 0.08305902203719162
27 2 0.612793359448772
27 16 0.5561309238641993
27 44 0.8341767568247532
28 5 0.4698959433147184
28 6 0.8594839893408014
28 7 0.06826539331233106
Loss 0 0 0 0 0 0 0 0 91 0 68 0 0 100 0 0 55 0 0 0 90 0 68 0 0 97 0 55 0 0 55 0 99 0 44 0 0 0 0 67 0 98 0 90 0
