13 <--# of nodes, 20 edges
1 3 0.6603525007794088
1 5 0.3903338005964465
1 6 0.0063687228637126425
1 7 0.3400605911475138
1 8 0.3064965625171103
1 9 0.4620794061758038
1 10 0.34291717080953776
1 12 0.16731389950589481
2 3 0.2654637035334436
2 11 0.40713724351453134
3 4 0.442545436181818
4 13 0.25674433656358603
5 11 0.6073967705294567
6 11 0.3934817765109704
7 11 0.0445681447398571
8 13 0.1416727153813338
9 13 0.34904362101229447
10 13 0.1713115362104941
11 12 0.15490742770293228
12 13 0.7574243522809702
Loss 0 63 39 0 0 0 33 0 0 22 0 90 45
