22 <--# of nodes, 35 edges
1 2 0.0056113940468437646
1 3 0.41576679031360436
2 3 0.091839406322255
2 4 0.010143984943802817
2 5 0.8172475053267707
4 6 0.14758436136626377
4 7 0.010725112029554541
4 8 0.009842804911522013
5 6 0.17136039352681218
5 8 0.09886887402894573
5 9 0.9142414990888875
7 9 0.1171716824796825
8 10 0.059180173294751705
9 11 0.49934206717291496
10 11 0.007149392945380181
10 12 0.06725192062935387
10 13 0.926468267328122
11 15 0.309502965801567
12 14 0.2963725472947307
12 16 0.15682172036273626
12 18 0.956366703780723
13 14 0.5087366698892526
13 16 0.32315998396449214
14 18 0.1321610481297861
14 19 0.34994256560572956
14 20 0.21680623903344284
15 17 0.10499037610784019
15 19 0.0012071375985426764
15 20 0.1407828382964751
16 21 0.1554507739228497
17 18 0.17740920978686428
17 21 0.15206442337959455
19 21 0.09071288130631493
20 21 0.4200832212412737
20 22 0.06182754087243201
Loss 0 0 38 0 0 47 0 0 0 0 0 0 0 0 0 0 0 72 0 0 0 81